0 0.11388888888888889 0.9201388888888888 0.09814814814814815 0.1597222222222222
0 0.5356481481481481 0.18472222222222223 0.03425925925925926 0.06944444444444445
0 0.562962962962963 0.25763888888888886 0.037037037037037035 0.0875
0 0.4078703703703704 0.21597222222222223 0.03611111111111111 0.09027777777777778
0 0.4041666666666667 0.14027777777777778 0.030555555555555555 0.06944444444444445
0 0.17731481481481481 0.24930555555555556 0.03981481481481482 0.09305555555555556
0 0.5199074074074074 0.13402777777777777 0.025 0.05138888888888889
0 0.5439814814814815 0.2125 0.030555555555555555 0.06944444444444445
0 0.19953703703703704 0.3458333333333333 0.04351851851851852 0.12777777777777777
0 0.24074074074074073 0.20833333333333334 0.027777777777777776 0.12222222222222222
0 0.3496666666666667 0.17777777777777778 0.030555555555555555 0.09444444444444444
0 0.47962962962962963 0.30277777777777776 0.04814814814814815 0.19722222222222222
0 0.03425925925925926 0.6284722222222222 0.06851851851851852 0.10972222222222222
0 0.6833333333333333 0.43194444444444446 0.06296296296296296 0.18888888888888888
0 0.37546296296296294 0.2972222222222222 0.06018518518518518 0.1388888888888889
0 0.4546296296296296 0.175 0.037037037037037035 0.11944444444444445