0 0.07592592592592592 0.3194444444444444 0.037037037037037035 0.06944444444444445
0 0.45555555555555555 0.17916666666666667 0.037037037037037035 0.125
0 0.04583333333333333 0.4543611111111111 0.06018518518518518 0.24722222222222223
0 0.37083333333333335 0.3104166666666667 0.06944444444444445 0.1625
0 0.6837962962962963 0.44583333333333336 0.10648148148148148 0.16111111111111112
0 0.17592592592592593 0.25416666666666665 0.040740740740740744 0.09444444444444444
0 0.48009259259259257 0.3020833333333333 0.04722222222222222 0.1986111111111111
0 0.03796296296296296 0.6319444444444444 0.05925925925925926 0.125
0 0.2 0.3472222222222222 0.044444444444444446 0.125
0 0.575 0.25625 0.05740740740740741 0.08472222222222223
0 0.5194444444444445 0.13472222222222222 0.024074074074074074 0.05277777777777778
0 0.3476851851851852 0.175 0.03425925925925926 0.09166666666666666
0 0.24027777777777778 0.20972222222222223 0.026851851851851852 0.125
0 0.4027777777777778 0.1375 0.02962962962962963 0.06388888888888888
0 0.4074074074074074 0.21736111111111112 0.03518518518518519 0.0875
0 0.45555555555555555 0.14305555555555555 0.037037037037037035 0.05555555555555555
0 0.5444444444444444 0.21388888888888888 0.03148148148148148 0.06944444444444445
0 0.5333333333333333 0.1840277777777778 0.03148148148148148 0.07083333333333333
0 0.1175925925925926 0.9 0.1259259259259259 0.2