0 0.45416666666666666 0.175 0.03796296296296296 0.1361111111111111
0 0.4078703703703704 0.21666666666666667 0.03611111111111111 0.08611111111111111
0 0.18287037037037038 0.24583333333333332 0.03796296296296296 0.14166666666666666
0 0.3480185185185185 0.171625 0.03518518518518519 0.1
0 0.03796296296296296 0.6263888888888889 0.06111111111111111 0.1111111111111111
0 0.2875 0.3284722222222222 0.05462962962962963 0.14027777777777778
0 0.25092592592592594 0.3972222222222222 0.08148148148148149 0.2916666666666667
0 0.04212962962962963 0.36319444444444443 0.030555555555555555 0.06805555555555555
0 0.1992037037037037 0.3379027777777778 0.03518518518518519 0.11388888888888889
0 0.2412037037037037 0.21041666666666667 0.028703703703703703 0.12083333333333333
0 0.07771296296296297 0.3636944444444445 0.04351851851851852 0.18055555555555555
0 0.4810185185185185 0.30416666666666664 0.049074074074074076 0.18888888888888888
0 0.3726851851851852 0.31527777777777777 0.0712962962962963 0.17777777777777778
0 0.40370370370370373 0.13819444444444445 0.02962962962962963 0.06527777777777778
0 0.5189814814814815 0.13472222222222222 0.025 0.05277777777777778
0 0.5763888888888888 0.25972222222222224 0.058333333333333334 0.09166666666666666