0 0.4564814814814815 0.17569444444444443 0.037037037037037035 0.1375
0 0.6689814814814815 0.40208333333333335 0.075 0.16527777777777777
0 0.7861111111111111 0.5736111111111111 0.06481481481481481 0.17777777777777778
0 0.28935185185185186 0.21666666666666667 0.04351851851851852 0.12777777777777777
0 0.03888888888888889 0.38125 0.046296296296296294 0.10416666666666667
0 0.34814814814814815 0.1763888888888889 0.03518518518518519 0.09722222222222222
0 0.2876944444444444 0.30972222222222223 0.04602777777777778 0.1
0 0.03981481481481482 0.63125 0.06481481481481481 0.11805555555555555
0 0.2961666666666667 0.4834861111111111 0.05 0.13333333333333333
0 0.5203703703703704 0.13472222222222222 0.022222222222222223 0.05
0 0.1986111111111111 0.34375 0.041666666666666664 0.10972222222222222
0 0.2412037037037037 0.21041666666666667 0.030555555555555555 0.12083333333333333
0 0.17453703703703705 0.25972222222222224 0.03981481481481482 0.1
0 0.07975925925925927 0.3644861111111111 0.04259259259259259 0.17222222222222222
0 0.5402777777777777 0.19375 0.058333333333333334 0.09861111111111111
0 0.48055555555555557 0.30277777777777776 0.04814814814814815 0.19444444444444445
0 0.4041666666666667 0.1375 0.030555555555555555 0.06666666666666667
0 0.40879629629629627 0.21597222222222223 0.03796296296296296 0.0875
0 0.3837962962962963 0.29305555555555557 0.04537037037037037 0.1361111111111111
0 0.5740740740740741 0.6354166666666666 0.13333333333333333 0.3680555555555556
0 0.5953703703703703 0.22847222222222222 0.037037037037037035 0.16527777777777777