0 0.4546296296296296 0.1736111111111111 0.03518518518518519 0.11666666666666667
0 0.37175925925925923 0.3111111111111111 0.06759259259259259 0.16666666666666666
0 0.6689814814814815 0.4236111111111111 0.062037037037037036 0.14444444444444443
0 0.17777777777777778 0.24791666666666667 0.03888888888888889 0.09305555555555556
0 0.48009259259259257 0.3020833333333333 0.04722222222222222 0.1986111111111111
0 0.34814814814814815 0.17777777777777778 0.03148148148148148 0.09444444444444444
0 0.19907407407407407 0.3451388888888889 0.04259259259259259 0.12638888888888888
0 0.5439814814814815 0.21388888888888888 0.030555555555555555 0.06666666666666667
0 0.5212962962962963 0.13472222222222222 0.022222222222222223 0.05277777777777778
0 0.24166666666666667 0.20902777777777778 0.025925925925925925 0.12361111111111112
0 0.03425925925925926 0.625 0.06851851851851852 0.10555555555555556
0 0.5351851851851852 0.18472222222222223 0.03148148148148148 0.06944444444444445
0 0.40370370370370373 0.14097222222222222 0.03148148148148148 0.07083333333333333
0 0.4078703703703704 0.21666666666666667 0.03611111111111111 0.08888888888888889
0 0.5337962962962963 0.6708333333333333 0.06388888888888888 0.4027777777777778
0 0.5634259259259259 0.25763888888888886 0.03796296296296296 0.0875
0 0.1537037037037037 0.8895833333333333 0.0962962962962963 0.22083333333333333