0 0.0375 0.63125 0.06018518518518518 0.12083333333333333
0 0.1763888888888889 0.24722222222222223 0.03611111111111111 0.09722222222222222
0 0.34953703703703703 0.16815277777777776 0.03425925925925926 0.10416666666666667
0 0.575925925925926 0.25972222222222224 0.05925925925925926 0.09166666666666666
0 0.0412037037037037 0.36319444444444443 0.030555555555555555 0.07083333333333333
0 0.19907407407407407 0.34097222222222223 0.044444444444444446 0.11527777777777778
0 0.07718518518518519 0.3683472222222222 0.04351851851851852 0.16805555555555557
0 0.48009259259259257 0.30069444444444443 0.049074074074074076 0.1986111111111111
0 0.4074074074074074 0.21736111111111112 0.03518518518518519 0.08472222222222223
0 0.2388888888888889 0.1763888888888889 0.025925925925925925 0.05277777777777778
0 0.3861111111111111 0.29305555555555557 0.040740740740740744 0.1361111111111111
0 0.40324074074074073 0.14027777777777778 0.032407407407407406 0.06944444444444445
0 0.4462962962962963 0.1388888888888889 0.020370370370370372 0.06388888888888888
0 0.5194444444444445 0.1326388888888889 0.025925925925925925 0.05138888888888889
0 0.26342592592592595 0.2722222222222222 0.03796296296296296 0.21388888888888888
0 0.18055555555555555 0.8902777777777777 0.16666666666666666 0.21944444444444444