0 0.4564814814814815 0.1361111111111111 0.03148148148148148 0.06111111111111111
0 0.4041666666666667 0.14027777777777778 0.030555555555555555 0.06666666666666667
0 0.5337962962962963 0.5951388888888889 0.08055555555555556 0.37083333333333335
0 0.38472222222222224 0.29444444444444445 0.04537037037037037 0.1361111111111111
0 0.4101851851851852 0.21597222222222223 0.03333333333333333 0.0875
0 0.48055555555555557 0.3013888888888889 0.04814814814814815 0.2
0 0.027777777777777776 0.9208333333333333 0.05555555555555555 0.15833333333333333
0 0.1763888888888889 0.24861111111111112 0.03611111111111111 0.1
0 0.20601851851851852 0.3458333333333333 0.058333333333333334 0.11944444444444445
0 0.04583333333333333 0.3611111111111111 0.03796296296296296 0.07777777777777778
0 0.575925925925926 0.25972222222222224 0.05740740740740741 0.09444444444444444
0 0.350462962962963 0.17430555555555555 0.032407407407407406 0.09305555555555556
0 0.0375 0.6229166666666667 0.062037037037037036 0.10416666666666667
0 0.2412037037037037 0.2111111111111111 0.028703703703703703 0.12222222222222222
0 0.6787037037037037 0.42569444444444443 0.06111111111111111 0.1875
0 0.0763888888888889 0.32083333333333336 0.03611111111111111 0.06944444444444445
0 0.5194444444444445 0.13194444444444445 0.025925925925925925 0.05