0 0.3800925925925926 0.29305555555555557 0.05277777777777778 0.13333333333333333
0 0.5189814814814815 0.13194444444444445 0.025 0.05
0 0.575462962962963 0.25625 0.05648148148148148 0.08472222222222223
0 0.4550925925925926 0.1736111111111111 0.03425925925925926 0.11388888888888889
0 0.07037037037037037 0.36875 0.027777777777777776 0.16527777777777777
0 0.03518518518518519 0.6243055555555556 0.07037037037037037 0.10694444444444444
0 0.19953703703703704 0.34930555555555554 0.04351851851851852 0.12083333333333333
0 0.3476851851851852 0.17569444444444443 0.032407407407407406 0.09027777777777778
0 0.24074074074074073 0.20972222222222223 0.027777777777777776 0.12222222222222222
0 0.17592592592592593 0.25972222222222224 0.037037037037037035 0.10555555555555556
0 0.09398148148148149 0.375 0.03981481481481482 0.1388888888888889
0 0.524074074074074 0.1840277777777778 0.03333333333333333 0.07361111111111111
0 0.4013888888888889 0.1361111111111111 0.030555555555555555 0.06944444444444445
0 0.48009259259259257 0.3020833333333333 0.04722222222222222 0.1986111111111111
0 0.4078703703703704 0.2152777777777778 0.03796296296296296 0.09166666666666666
0 0.5449074074074074 0.2125 0.032407407407407406 0.06944444444444445
0 0.05555555555555555 0.9291666666666667 0.09074074074074075 0.14166666666666666