0 0.31712962962962965 0.8631944444444445 0.09722222222222222 0.18194444444444444
0 0.3792962962962963 0.30258333333333337 0.05250925925925926 0.14643055555555556
0 0.6703703703703704 0.44027777777777777 0.06851851851851852 0.17222222222222222
0 0.45185185185185184 0.1423611111111111 0.02962962962962963 0.05416666666666667
0 0.48009259259259257 0.3020833333333333 0.04722222222222222 0.1986111111111111
0 0.09351851851851851 0.8923611111111112 0.11296296296296296 0.2152777777777778
0 0.3476851851851852 0.17777777777777778 0.030555555555555555 0.09166666666666666
0 0.2412037037037037 0.20972222222222223 0.025 0.125
0 0.19907407407407407 0.35208333333333336 0.04259259259259259 0.11527777777777778
0 0.5444444444444444 0.21388888888888888 0.03148148148148148 0.06666666666666667
0 0.5203703703703704 0.13333333333333333 0.024074074074074074 0.05277777777777778
0 0.17249074074074072 0.2534722222222222 0.03888888888888889 0.10416666666666667
0 0.03564814814814815 0.6263888888888889 0.06574074074074074 0.10555555555555556
0 0.5347222222222222 0.18472222222222223 0.032407407407407406 0.06944444444444445
0 0.40370370370370373 0.13958333333333334 0.03148148148148148 0.06805555555555555
0 0.4078703703703704 0.21736111111111112 0.03425925925925926 0.0875
0 0.5634259259259259 0.25763888888888886 0.03796296296296296 0.0875