0 0.044444444444444446 0.3770833333333333 0.037037037037037035 0.10416666666666667
0 0.7310185185185185 0.5055555555555555 0.06759259259259259 0.2
0 0.44212962962962965 0.13055555555555556 0.025 0.05
0 0.49953703703703706 0.7402777777777778 0.11388888888888889 0.2972222222222222
0 0.037037037037037035 0.6284722222222222 0.06666666666666667 0.09861111111111111
0 0.08055555555555556 0.3667638888888889 0.046296296296296294 0.17083333333333334
0 0.5199074074074074 0.13125 0.025 0.05416666666666667
0 0.20462962962962963 0.3375 0.046296296296296294 0.10277777777777777
0 0.586574074074074 0.2611111111111111 0.04351851851851852 0.09722222222222222
0 0.23935185185185184 0.21666666666666667 0.026851851851851852 0.11666666666666667
0 0.18287037037037038 0.2604166666666667 0.03611111111111111 0.09861111111111111
0 0.4041666666666667 0.18125 0.03425925925925926 0.10972222222222222
0 0.30787037037037035 0.16180555555555556 0.05462962962962963 0.04861111111111111
0 0.4828703703703704 0.3055555555555556 0.05277777777777778 0.20555555555555555
0 0.5449074074074074 0.19027777777777777 0.041666666666666664 0.1
0 0.6263888888888889 0.30833333333333335 0.04351851851851852 0.08333333333333333