0 0.5347222222222222 0.21666666666666667 0.03425925925925926 0.06388888888888888
0 0.3490740740740741 0.1875 0.03518518518518519 0.11388888888888889
0 0.387037037037037 0.29097222222222224 0.04259259259259259 0.13472222222222222
0 0.41064814814814815 0.21666666666666667 0.032407407407407406 0.08888888888888889
0 0.24027777777777778 0.21458333333333332 0.028703703703703703 0.1125
0 0.9314814814814815 0.6534722222222222 0.09444444444444444 0.33194444444444443
0 0.17592592592592593 0.2520833333333333 0.03888888888888889 0.09305555555555556
0 0.2 0.3472222222222222 0.04259259259259259 0.125
0 0.5745370370370371 0.2569444444444444 0.05462962962962963 0.08333333333333333
0 0.03611111111111111 0.6277777777777778 0.06296296296296296 0.11388888888888889
0 0.4041666666666667 0.13819444444444445 0.030555555555555555 0.06527777777777778
0 0.4810185185185185 0.30277777777777776 0.049074074074074076 0.19444444444444445
0 0.4550925925925926 0.1763888888888889 0.03425925925925926 0.1361111111111111
0 0.5208333333333334 0.1326388888888889 0.021296296296296296 0.04583333333333333
0 0.5398148148148149 0.1875 0.03518518518518519 0.075
0 0.04398148148148148 0.8881944444444444 0.08796296296296297 0.22361111111111112
0 0.7452407407407408 0.5109166666666667 0.06111111111111111 0.2