0 0.5347222222222222 0.21597222222222223 0.03425925925925926 0.06527777777777778
0 0.1763888888888889 0.2513888888888889 0.03796296296296296 0.09444444444444444
0 0.3861111111111111 0.29305555555555557 0.044444444444444446 0.1361111111111111
0 0.7601851851851852 0.5569444444444445 0.07407407407407407 0.2
0 0.4535740740740741 0.16626388888888888 0.031212962962962963 0.11586111111111111
0 0.34814814814814815 0.17847222222222223 0.03333333333333333 0.09583333333333334
0 0.03611111111111111 0.625 0.06666666666666667 0.10277777777777777
0 0.24027777777777778 0.2152777777777778 0.028703703703703703 0.11388888888888889
0 0.41064814814814815 0.21736111111111112 0.032407407407407406 0.08472222222222223
0 0.5212962962962963 0.13194444444444445 0.022222222222222223 0.05277777777777778
0 0.19953703703703704 0.35208333333333336 0.04351851851851852 0.11527777777777778
0 0.575462962962963 0.25555555555555554 0.05648148148148148 0.08611111111111111
0 0.40324074074074073 0.13958333333333334 0.030555555555555555 0.06527777777777778
0 0.6722222222222223 0.4166666666666667 0.06111111111111111 0.15555555555555556
0 0.4810185185185185 0.30277777777777776 0.049074074074074076 0.19444444444444445
0 0.5333333333333333 0.5527777777777778 0.05740740740740741 0.37777777777777777
0 0.538425925925926 0.18333333333333332 0.03611111111111111 0.06944444444444445