0 0.3712962962962963 0.3125 0.06666666666666667 0.16111111111111112
0 0.4550925925925926 0.17569444444444443 0.03796296296296296 0.1375
0 0.03935185185185185 0.3645833333333333 0.03611111111111111 0.07083333333333333
0 0.7125 0.44375 0.06944444444444445 0.15416666666666667
0 0.3486111111111111 0.1763888888888889 0.032407407407407406 0.09722222222222222
0 0.03981481481481482 0.6326388888888889 0.06481481481481481 0.11805555555555555
0 0.2902777777777778 0.32708333333333334 0.049074074074074076 0.1375
0 0.5189814814814815 0.13194444444444445 0.023148148148148147 0.06111111111111111
0 0.2064814814814815 0.34097222222222223 0.05 0.10972222222222222
0 0.24166666666666667 0.2111111111111111 0.02962962962962963 0.12222222222222222
0 0.17592592592592593 0.25972222222222224 0.037037037037037035 0.1111111111111111
0 0.07552777777777778 0.36041666666666666 0.044444444444444446 0.17083333333333334
0 0.4810185185185185 0.30277777777777776 0.049074074074074076 0.19444444444444445
0 0.4041666666666667 0.13819444444444445 0.030555555555555555 0.06527777777777778
0 0.7842592592592592 0.5708333333333333 0.05185185185185185 0.18333333333333332
0 0.40694444444444444 0.21597222222222223 0.03981481481481482 0.09027777777777778
0 0.5416666666666666 0.56875 0.06296296296296296 0.36527777777777776
0 0.5717592592592593 0.2 0.04351851851851852 0.11944444444444445
0 0.5319444444444444 0.1909722222222222 0.041666666666666664 0.09583333333333334
0 0.587037037037037 0.25763888888888886 0.046296296296296294 0.1875