0 0.45555555555555555 0.17569444444444443 0.03518518518518519 0.11805555555555555
0 0.07731481481481481 0.31527777777777777 0.03425925925925926 0.07222222222222222
0 0.04583333333333333 0.3736111111111111 0.03981481481481482 0.10555555555555556
0 0.38055555555555554 0.2916666666666667 0.05 0.12777777777777777
0 0.6814814814814815 0.42986111111111114 0.07407407407407407 0.18472222222222223
0 0.48055555555555557 0.3 0.04814814814814815 0.18888888888888888
0 0.03657407407407407 0.6291666666666667 0.07314814814814814 0.11388888888888889
0 0.34953703703703703 0.17430555555555555 0.030555555555555555 0.09027777777777778
0 0.40879629629629627 0.21666666666666667 0.03425925925925926 0.08888888888888889
0 0.5189814814814815 0.13541666666666666 0.026851851851851852 0.05138888888888889
0 0.20787037037037037 0.3458333333333333 0.05648148148148148 0.125
0 0.24074074074074073 0.21041666666666667 0.02962962962962963 0.12361111111111112
0 0.17685185185185184 0.2569444444444444 0.03888888888888889 0.10277777777777777
0 0.032407407407407406 0.9284722222222223 0.06481481481481481 0.14305555555555555
0 0.4875 0.5715277777777777 0.11388888888888889 0.38472222222222224
0 0.4027777777777778 0.14027777777777778 0.03333333333333333 0.07222222222222222
0 0.575462962962963 0.25972222222222224 0.06018518518518518 0.09166666666666666