0 0.6583333333333333 0.39791666666666664 0.07037037037037037 0.18472222222222223
0 0.7462962962962963 0.5229166666666667 0.05740740740740741 0.18194444444444444
0 0.03611111111111111 0.36736111111111114 0.040740740740740744 0.0763888888888889
0 0.48055555555555557 0.30277777777777776 0.04814814814814815 0.19444444444444445
0 0.0375 0.6277777777777778 0.06388888888888888 0.10833333333333334
0 0.28888888888888886 0.32916666666666666 0.05 0.1388888888888889
0 0.3501296296296296 0.17727777777777778 0.03518518518518519 0.09861111111111111
0 0.20046296296296295 0.33958333333333335 0.03796296296296296 0.12083333333333333
0 0.5194444444444445 0.13472222222222222 0.024074074074074074 0.05277777777777778
0 0.24074074074074073 0.21041666666666667 0.02962962962962963 0.12361111111111112
0 0.17546296296296296 0.25763888888888886 0.03796296296296296 0.10694444444444444
0 0.07374074074074075 0.3685555555555556 0.04537037037037037 0.17083333333333334
0 0.40370370370370373 0.13819444444444445 0.03148148148148148 0.06527777777777778
0 0.4083333333333333 0.2152777777777778 0.037037037037037035 0.08888888888888889
0 0.387037037037037 0.29444444444444445 0.044444444444444446 0.1361111111111111
0 0.45 0.13680555555555557 0.025925925925925925 0.059722222222222225
0 0.5773148148148148 0.25972222222222224 0.058333333333333334 0.09444444444444444
0 0.5550925925925926 0.18333333333333332 0.04722222222222222 0.11944444444444445