0 0.10925925925925926 0.2972222222222222 0.03888888888888889 0.10833333333333334
0 0.4097222222222222 0.21666666666666667 0.032407407407407406 0.08611111111111111
0 0.575925925925926 0.25625 0.053703703703703705 0.08472222222222223
0 0.05694444444444444 0.32013888888888886 0.041666666666666664 0.12638888888888888
0 0.38657407407407407 0.29444444444444445 0.04351851851851852 0.1361111111111111
0 0.03657407407407407 0.6277777777777778 0.06388888888888888 0.11388888888888889
0 0.34953703703703703 0.1527777777777778 0.030555555555555555 0.058333333333333334
0 0.5212962962962963 0.1326388888888889 0.022222222222222223 0.04583333333333333
0 0.20046296296296295 0.34652777777777777 0.041666666666666664 0.12916666666666668
0 0.24027777777777778 0.21458333333333332 0.028703703703703703 0.11527777777777778
0 0.175 0.25416666666666665 0.037037037037037035 0.09166666666666666
0 0.5398148148148149 0.18819444444444444 0.03518518518518519 0.0763888888888889
0 0.48148148148148145 0.29930555555555555 0.05 0.1986111111111111
0 0.5097222222222222 0.6631944444444444 0.07685185185185185 0.41805555555555557
0 0.40324074074074073 0.13680555555555557 0.032407407407407406 0.06805555555555555
0 0.4527777777777778 0.14027777777777778 0.02962962962962963 0.05
0 0.5351851851851852 0.21597222222222223 0.03518518518518519 0.0625
0 0.21481481481481482 0.8784722222222222 0.1111111111111111 0.22083333333333333