0 0.3837962962962963 0.29930555555555555 0.04537037037037037 0.14583333333333334
0 0.4550925925925926 0.18333333333333332 0.03611111111111111 0.12222222222222222
0 0.20416666666666666 0.33819444444444446 0.03981481481481482 0.09861111111111111
0 0.6935185185185185 0.4625 0.08888888888888889 0.20555555555555555
0 0.037037037037037035 0.6256944444444444 0.07407407407407407 0.10972222222222222
0 0.041666666666666664 0.9256944444444445 0.08333333333333333 0.1486111111111111
0 0.3527777777777778 0.17847222222222223 0.02962962962962963 0.09305555555555556
0 0.40324074074074073 0.1388888888888889 0.030555555555555555 0.07222222222222222
0 0.12129629629629629 0.5125 0.06666666666666667 0.24444444444444444
0 0.5814814814814815 0.2611111111111111 0.07222222222222222 0.09444444444444444
0 0.044444444444444446 0.36944444444444446 0.03518518518518519 0.09444444444444444
0 0.23981481481481481 0.2111111111111111 0.027777777777777776 0.12222222222222222
0 0.17685185185185184 0.25625 0.03518518518518519 0.10138888888888889
0 0.07123148148148149 0.36786111111111114 0.03611111111111111 0.17777777777777778
0 0.48009259259259257 0.3034722222222222 0.04722222222222222 0.19305555555555556
0 0.4078703703703704 0.21736111111111112 0.03611111111111111 0.0875
0 0.5356481481481481 0.5513888888888889 0.06018518518518518 0.3861111111111111
0 0.5361111111111111 0.16527777777777777 0.044444444444444446 0.15