0 0.020370370370370372 0.3458333333333333 0.040740740740740744 0.08333333333333333
0 0.3861111111111111 0.2923611111111111 0.044444444444444446 0.13472222222222222
0 0.7490740740740741 0.5152777777777777 0.06666666666666667 0.2
0 0.4535648148148148 0.16873611111111111 0.03122222222222222 0.12359722222222222
0 0.4810185185185185 0.3020833333333333 0.049074074074074076 0.19305555555555556
0 0.48148148148148145 0.8076388888888889 0.1 0.2152777777777778
0 0.03888888888888889 0.6222222222222222 0.06851851851851852 0.1
0 0.3509259259259259 0.18888888888888888 0.03333333333333333 0.11666666666666667
0 0.5194444444444445 0.13402777777777777 0.024074074074074074 0.05138888888888889
0 0.20092592592592592 0.35138888888888886 0.040740740740740744 0.11666666666666667
0 0.5740740740740741 0.2569444444444444 0.05 0.08333333333333333
0 0.8078703703703703 0.6215277777777778 0.0712962962962963 0.15416666666666667
0 0.23981481481481481 0.2152777777777778 0.027777777777777776 0.11666666666666667
0 0.1763888888888889 0.2534722222222222 0.03796296296296296 0.09861111111111111
0 0.4046296296296296 0.14097222222222222 0.02962962962962963 0.07083333333333333
0 0.4101851851851852 0.21666666666666667 0.03518518518518519 0.08611111111111111
0 0.5347222222222222 0.2152777777777778 0.03425925925925926 0.06388888888888888
0 0.5388888888888889 0.18819444444444444 0.03518518518518519 0.0763888888888889
0 0.05 0.9118055555555555 0.1 0.1763888888888889