0 0.5222222222222223 0.1326388888888889 0.022222222222222223 0.04861111111111111
0 0.014814814814814815 0.3458333333333333 0.02962962962962963 0.05277777777777778
0 0.04583333333333333 0.375 0.03796296296296296 0.10555555555555556
0 0.7861111111111111 0.5840277777777778 0.07037037037037037 0.15694444444444444
0 0.44741666666666663 0.17251388888888888 0.035583333333333335 0.13391666666666666
0 0.03796296296296296 0.63125 0.06111111111111111 0.12083333333333333
0 0.08207407407407408 0.3629027777777778 0.04537037037037037 0.17222222222222222
0 0.2 0.33611111111111114 0.040740740740740744 0.10555555555555556
0 0.23935185185185184 0.21736111111111112 0.026851851851851852 0.11805555555555555
0 0.17857407407407408 0.263 0.03148148148148148 0.10416666666666667
0 0.5407407407407407 0.18680555555555556 0.05 0.09027777777777778
0 0.4810185185185185 0.2833333333333333 0.049074074074074076 0.15833333333333333
0 0.48518518518518516 0.48819444444444443 0.05185185185185185 0.33194444444444443
0 0.40324074074074073 0.18125 0.03425925925925926 0.10972222222222222
0 0.2875 0.15555555555555556 0.013888888888888888 0.058333333333333334
0 0.5875 0.2659722222222222 0.04351851851851852 0.0875