0 0.575462962962963 0.25555555555555554 0.05462962962962963 0.08611111111111111
0 0.07268518518518519 0.32013888888888886 0.032407407407407406 0.0875
0 0.03425925925925926 0.6277777777777778 0.06851851851851852 0.10833333333333334
0 0.3490740740740741 0.15486111111111112 0.02962962962962963 0.05694444444444444
0 0.5199074074074074 0.13472222222222222 0.021296296296296296 0.05555555555555555
0 0.20092592592592592 0.34791666666666665 0.040740740740740744 0.12361111111111112
0 0.24074074074074073 0.21458333333333332 0.027777777777777776 0.11527777777777778
0 0.17685185185185184 0.25625 0.037037037037037035 0.10138888888888889
0 0.10277777777777777 0.32013888888888886 0.044444444444444446 0.14305555555555555
0 0.5412037037037037 0.18958333333333333 0.03796296296296296 0.0763888888888889
0 0.48009259259259257 0.3020833333333333 0.04722222222222222 0.19305555555555556
0 0.4097222222222222 0.2152777777777778 0.03425925925925926 0.08888888888888889
0 0.38657407407407407 0.29375 0.04351851851851852 0.13472222222222222
0 0.40370370370370373 0.1361111111111111 0.03148148148148148 0.07222222222222222
0 0.4527777777777778 0.14097222222222222 0.027777777777777776 0.05138888888888889
0 0.5342592592592592 0.21597222222222223 0.03518518518518519 0.0625
0 0.16435185185185186 0.8979166666666667 0.11574074074074074 0.20416666666666666