0 0.5347222222222222 0.21597222222222223 0.03425925925925926 0.0625
0 0.675 0.43680555555555556 0.08518518518518518 0.17916666666666667
0 0.3699074074074074 0.31666666666666665 0.06574074074074074 0.1527777777777778
0 0.45343518518518516 0.17022222222222222 0.02910185185185185 0.12379166666666666
0 0.03518518518518519 0.6243055555555556 0.07037037037037037 0.10416666666666667
0 0.3486111111111111 0.18125 0.032407407407407406 0.10138888888888889
0 0.17685185185185184 0.2534722222222222 0.037037037037037035 0.09583333333333334
0 0.7583333333333333 0.5479166666666667 0.06851851851851852 0.20416666666666666
0 0.48009259259259257 0.30277777777777776 0.04722222222222222 0.19444444444444445
0 0.23981481481481481 0.21458333333333332 0.027777777777777776 0.1125
0 0.5189814814814815 0.1326388888888889 0.025 0.05138888888888889
0 0.20092592592592592 0.34652777777777777 0.040740740740740744 0.12361111111111112
0 0.5726851851851852 0.2569444444444444 0.05092592592592592 0.08333333333333333
0 0.4046296296296296 0.13819444444444445 0.02962962962962963 0.06805555555555555
0 0.40324074074074073 0.21556944444444445 0.041666666666666664 0.09305555555555556
0 0.5449074074074074 0.5479166666666667 0.075 0.39305555555555555
0 0.6106481481481482 0.3451388888888889 0.06574074074074074 0.15138888888888888
0 0.5402777777777777 0.18680555555555556 0.03611111111111111 0.07361111111111111
0 0.16157407407407406 0.8916666666666667 0.10092592592592593 0.21666666666666667