0 0.4550925925925926 0.17847222222222223 0.03796296296296296 0.13472222222222222
0 0.04722222222222222 0.3819444444444444 0.040740740740740744 0.10555555555555556
0 0.33055555555555555 0.26666666666666666 0.05555555555555555 0.08333333333333333
0 0.17592592592592593 0.2590277777777778 0.037037037037037035 0.10972222222222222
0 0.48055555555555557 0.30416666666666664 0.04814814814814815 0.19166666666666668
0 0.038425925925925926 0.6229166666666667 0.062037037037037036 0.10416666666666667
0 0.2199074074074074 0.3902777777777778 0.075 0.31666666666666665
0 0.2845925925925926 0.30883333333333335 0.05065740740740741 0.1009861111111111
0 0.5810185185185185 0.25555555555555554 0.03981481481481482 0.10555555555555556
0 0.5189814814814815 0.13472222222222222 0.025 0.05277777777777778
0 0.24027777777777778 0.21041666666666667 0.026851851851851852 0.12083333333333333
0 0.07857407407407407 0.3676527777777778 0.046296296296296294 0.16944444444444445
0 0.03333333333333333 0.9291666666666667 0.06666666666666667 0.14166666666666666
0 0.40324074074074073 0.2388888888888889 0.04351851851851852 0.12777777777777777
0 0.3472222222222222 0.15069444444444444 0.03333333333333333 0.05416666666666667
0 0.4050925925925926 0.13958333333333334 0.030555555555555555 0.06805555555555555
0 0.537962962962963 0.1951388888888889 0.040740740740740744 0.09583333333333334