0 0.3851851851851852 0.29583333333333334 0.04259259259259259 0.1361111111111111
0 0.07685185185185185 0.3159722222222222 0.03333333333333333 0.07361111111111111
0 0.4078703703703704 0.2152777777777778 0.03796296296296296 0.09166666666666666
0 0.044444444444444446 0.37430555555555556 0.03518518518518519 0.10416666666666667
0 0.6828703703703703 0.42986111111111114 0.07314814814814814 0.18194444444444444
0 0.1763888888888889 0.2513888888888889 0.03981481481481482 0.09166666666666666
0 0.04027777777777778 0.6284722222222222 0.06759259259259259 0.11527777777777778
0 0.35105555555555557 0.17430555555555555 0.02962962962962963 0.09027777777777778
0 0.2013888888888889 0.33402777777777776 0.04351851851851852 0.10416666666666667
0 0.5185185185185185 0.13472222222222222 0.025925925925925925 0.04722222222222222
0 0.24074074074074073 0.21041666666666667 0.02962962962962963 0.12083333333333333
0 0.48055555555555557 0.30277777777777776 0.04814814814814815 0.19444444444444445
0 0.4050925925925926 0.14722222222222223 0.03611111111111111 0.06111111111111111
0 0.5337962962962963 0.5423611111111111 0.08981481481481482 0.39861111111111114
0 0.046296296296296294 0.9097222222222222 0.09259259259259259 0.18055555555555555
0 0.5768518518518518 0.25972222222222224 0.05740740740740741 0.09166666666666666
0 0.4550925925925926 0.17298611111111112 0.03611111111111111 0.13333333333333333