0 0.07314814814814814 0.8951388888888889 0.10925925925925926 0.20972222222222223
0 0.5398148148148149 0.18541666666666667 0.03518518518518519 0.07083333333333333
0 0.5203703703703704 0.13402777777777777 0.024074074074074074 0.04861111111111111
0 0.611574074074074 0.3451388888888889 0.06759259259259259 0.15138888888888888
0 0.5356481481481481 0.5416666666666666 0.06944444444444445 0.3888888888888889
0 0.4810185185185185 0.3034722222222222 0.049074074074074076 0.19583333333333333
0 0.05787037037037037 0.6229166666666667 0.10648148148148148 0.10694444444444444
0 0.5731481481481482 0.2569444444444444 0.053703703703703705 0.08333333333333333
0 0.19953703703703704 0.34791666666666665 0.04351851851851852 0.12638888888888888
0 0.4101851851851852 0.21597222222222223 0.03148148148148148 0.0875
0 0.24074074074074073 0.2152777777777778 0.025925925925925925 0.1111111111111111
0 0.3486111111111111 0.1875 0.03611111111111111 0.11666666666666667
0 0.17777777777777778 0.24097222222222223 0.040740740740740744 0.07083333333333333
0 0.4046296296296296 0.1375 0.02962962962962963 0.06666666666666667
0 0.3861111111111111 0.2916666666666667 0.044444444444444446 0.1361111111111111
0 0.9481481481481482 0.8381944444444445 0.07962962962962963 0.2791666666666667
0 0.4545 0.17119444444444445 0.03518518518518519 0.1361111111111111
0 0.5342592592592592 0.21666666666666667 0.03518518518518519 0.06388888888888888