0 0.03888888888888889 0.6263888888888889 0.05925925925925926 0.1111111111111111
0 0.2853796296296296 0.31309722222222225 0.04669444444444444 0.10952777777777778
0 0.2412037037037037 0.2111111111111111 0.030555555555555555 0.12222222222222222
0 0.07777777777777778 0.8930555555555556 0.11666666666666667 0.21388888888888888
0 0.0770462962962963 0.36647222222222225 0.04722222222222222 0.175
0 0.175 0.25972222222222224 0.03888888888888889 0.10833333333333334
0 0.3463611111111111 0.17390277777777777 0.032407407407407406 0.10138888888888889
0 0.040740740740740744 0.36666666666666664 0.03148148148148148 0.075
0 0.1986111111111111 0.3416666666666667 0.041666666666666664 0.11388888888888889
0 0.5212962962962963 0.13333333333333333 0.025925925925925925 0.05
0 0.5458333333333333 0.19583333333333333 0.03796296296296296 0.09166666666666666
0 0.48055555555555557 0.3020833333333333 0.04814814814814815 0.1986111111111111
0 0.4041666666666667 0.14027777777777778 0.030555555555555555 0.06944444444444445
0 0.4064814814814815 0.21666666666666667 0.03888888888888889 0.08611111111111111
0 0.38425925925925924 0.29444444444444445 0.04814814814814815 0.1361111111111111
0 0.45185185185185184 0.13819444444444445 0.027777777777777776 0.05416666666666667
0 0.21574074074074073 0.89375 0.11666666666666667 0.2125
0 0.5986111111111111 0.22430555555555556 0.028703703703703703 0.17083333333333334