0 0.3800925925925926 0.29375 0.05092592592592592 0.14027777777777778
0 0.45601851851851855 0.17708333333333334 0.03796296296296296 0.1375
0 0.6930555555555555 0.44513888888888886 0.0787037037037037 0.18194444444444444
0 0.29074074074074074 0.325 0.04814814814814815 0.13055555555555556
0 0.3490740740740741 0.17777777777777778 0.03333333333333333 0.1
0 0.03981481481481482 0.6319444444444444 0.06481481481481481 0.11944444444444445
0 0.14351851851851852 0.2743055555555556 0.04259259259259259 0.09583333333333334
0 0.5194444444444445 0.13541666666666666 0.024074074074074074 0.04861111111111111
0 0.1986111111111111 0.34097222222222223 0.041666666666666664 0.12083333333333333
0 0.2412037037037037 0.20972222222222223 0.030555555555555555 0.11944444444444445
0 0.17546296296296296 0.2625 0.03981481481481482 0.10555555555555556
0 0.07764814814814815 0.3655694444444444 0.04259259259259259 0.1763888888888889
0 0.5402777777777777 0.19444444444444445 0.058333333333333334 0.09722222222222222
0 0.48055555555555557 0.3020833333333333 0.04814814814814815 0.19027777777777777
0 0.40185185185185185 0.13819444444444445 0.03518518518518519 0.0763888888888889
0 0.7907407407407407 0.5743055555555555 0.05740740740740741 0.1763888888888889
0 0.4078703703703704 0.21736111111111112 0.03796296296296296 0.0875
0 0.5217592592592593 0.5875 0.06018518518518518 0.41944444444444445
0 0.03981481481481482 0.36319444444444443 0.03333333333333333 0.06805555555555555
0 0.5986111111111111 0.22847222222222222 0.028703703703703703 0.16527777777777777