0 0.45555555555555555 0.17291666666666666 0.03518518518518519 0.13194444444444445
0 0.6078703703703704 0.35 0.062037037037037036 0.2611111111111111
0 0.4074074074074074 0.21388888888888888 0.03888888888888889 0.09166666666666666
0 0.04027777777777778 0.3638888888888889 0.032407407407407406 0.06944444444444445
0 0.4046296296296296 0.1388888888888889 0.02962962962962963 0.06944444444444445
0 0.038425925925925926 0.6194444444444445 0.06018518518518518 0.09444444444444444
0 0.3472222222222222 0.15486111111111112 0.02962962962962963 0.05694444444444444
0 0.2875 0.3277777777777778 0.05277777777777778 0.1361111111111111
0 0.20277777777777778 0.3472222222222222 0.05 0.11666666666666667
0 0.24074074074074073 0.21041666666666667 0.02962962962962963 0.12361111111111112
0 0.17546296296296296 0.2590277777777778 0.03796296296296296 0.10972222222222222
0 0.0816111111111111 0.36140277777777774 0.044444444444444446 0.18194444444444444
0 0.37592592592592594 0.1597222222222222 0.027777777777777776 0.13333333333333333
0 0.6643518518518519 0.40902777777777777 0.06018518518518518 0.1736111111111111
0 0.4810185185185185 0.3020833333333333 0.049074074074074076 0.19583333333333333
0 0.3824074074074074 0.2951388888888889 0.053703703703703705 0.1375
0 0.5638888888888889 0.25625 0.03518518518518519 0.08472222222222223
0 0.5185185185185185 0.13402777777777777 0.024074074074074074 0.05138888888888889