0 0.5347222222222222 0.21666666666666667 0.03425925925925926 0.06111111111111111
0 0.1763888888888889 0.25555555555555554 0.03796296296296296 0.09166666666666666
0 0.375 0.3076388888888889 0.06481481481481481 0.16805555555555557
0 0.7537037037037037 0.5541666666666667 0.06851851851851852 0.19722222222222222
0 0.34814814814814815 0.17777777777777778 0.03148148148148148 0.09444444444444444
0 0.24027777777777778 0.21319444444444444 0.028703703703703703 0.10972222222222222
0 0.4550925925925926 0.1644861111111111 0.03425925925925926 0.125
0 0.2 0.34930555555555554 0.04259259259259259 0.12083333333333333
0 0.5671296296296297 0.25763888888888886 0.03796296296296296 0.08472222222222223
0 0.4064814814814815 0.21458333333333332 0.03518518518518519 0.09027777777777778
0 0.5189814814814815 0.13194444444444445 0.025 0.05
0 0.03611111111111111 0.6256944444444444 0.06851851851851852 0.10416666666666667
0 0.4046296296296296 0.13958333333333334 0.02962962962962963 0.06805555555555555
0 0.6768518518518518 0.42986111111111114 0.06111111111111111 0.1986111111111111
0 0.48055555555555557 0.30277777777777776 0.04814814814814815 0.19444444444444445
0 0.5898148148148148 0.5513888888888889 0.17037037037037037 0.37777777777777777
0 0.5398148148148149 0.18541666666666667 0.03518518518518519 0.07083333333333333
0 0.12129629629629629 0.9013888888888889 0.11851851851851852 0.19722222222222222