0 0.3861111111111111 0.2923611111111111 0.06111111111111111 0.14027777777777778
0 0.40879629629629627 0.2152777777777778 0.03981481481481482 0.08888888888888889
0 0.2851851851851852 0.31180555555555556 0.04814814814814815 0.15416666666666667
0 0.3486111111111111 0.1763888888888889 0.03425925925925926 0.09722222222222222
0 0.2412037037037037 0.20972222222222223 0.030555555555555555 0.12222222222222222
0 0.44166666666666665 0.5791666666666667 0.08703703703703704 0.40555555555555556
0 0.03796296296296296 0.625 0.06111111111111111 0.09722222222222222
0 0.07857407407407407 0.3655694444444444 0.04259259259259259 0.1736111111111111
0 0.17731481481481481 0.2465277777777778 0.03611111111111111 0.09305555555555556
0 0.575462962962963 0.2604166666666667 0.058333333333333334 0.09305555555555556
0 0.041666666666666664 0.3638888888888889 0.03148148148148148 0.06944444444444445
0 0.19953703703703704 0.34097222222222223 0.04351851851851852 0.11805555555555555
0 0.4810185185185185 0.30486111111111114 0.049074074074074076 0.19027777777777777
0 0.40370370370370373 0.1375 0.03148148148148148 0.06388888888888888
0 0.45 0.13541666666666666 0.024074074074074074 0.05694444444444444
0 0.5194444444444445 0.1326388888888889 0.024074074074074074 0.04861111111111111
0 0.1050925925925926 0.9506944444444444 0.09722222222222222 0.09861111111111111