0 0.5199074074074074 0.13194444444444445 0.023148148148148147 0.04722222222222222
0 0.5819444444444445 0.2590277777777778 0.0712962962962963 0.09583333333333334
0 0.047685185185185185 0.36944444444444446 0.030555555555555555 0.10555555555555556
0 0.38055555555555554 0.29097222222222224 0.05185185185185185 0.13194444444444445
0 0.4550925925925926 0.17291666666666666 0.03611111111111111 0.1125
0 0.4872314814814815 0.29693055555555553 0.04722222222222222 0.18472222222222223
0 0.03796296296296296 0.6215277777777778 0.06111111111111111 0.09861111111111111
0 0.24074074074074073 0.21041666666666667 0.027777777777777776 0.12361111111111112
0 0.3509259259259259 0.175 0.03148148148148148 0.08611111111111111
0 0.17592592592592593 0.2534722222222222 0.03888888888888889 0.09583333333333334
0 0.20324074074074075 0.3388888888888889 0.03796296296296296 0.1
0 0.07592592592592592 0.3229166666666667 0.037037037037037035 0.0625
0 0.03981481481481482 0.9048611111111111 0.07962962962962963 0.19027777777777777
0 0.5703703703703704 0.19236111111111112 0.02962962962962963 0.15138888888888888
0 0.40370370370370373 0.1388888888888889 0.02962962962962963 0.06666666666666667
0 0.4074074074074074 0.21666666666666667 0.03333333333333333 0.08888888888888889
0 0.4527777777777778 0.3784722222222222 0.06296296296296296 0.31805555555555554
0 0.5291666666666667 0.19305555555555556 0.04351851851851852 0.09166666666666666