0 0.08472222222222223 0.31180555555555556 0.04351851851851852 0.07361111111111111
0 0.4546296296296296 0.1736111111111111 0.03518518518518519 0.11388888888888889
0 0.04490740740740741 0.3736111111111111 0.032407407407407406 0.10555555555555556
0 0.3819444444444444 0.29375 0.04722222222222222 0.13194444444444445
0 0.7527777777777778 0.5576388888888889 0.06481481481481481 0.17083333333333334
0 0.037037037037037035 0.6208333333333333 0.06111111111111111 0.09722222222222222
0 0.3476851851851852 0.17708333333333334 0.032407407407407406 0.09305555555555556
0 0.20185185185185187 0.3458333333333333 0.040740740740740744 0.12777777777777777
0 0.575 0.25833333333333336 0.05925925925925926 0.08611111111111111
0 0.5194444444444445 0.13472222222222222 0.024074074074074074 0.05
0 0.24027777777777778 0.20972222222222223 0.026851851851851852 0.125
0 0.1764537037037037 0.2520833333333333 0.037037037037037035 0.10972222222222222
0 0.4 0.1388888888888889 0.03333333333333333 0.06666666666666667
0 0.4791666666666667 0.30486111111111114 0.04722222222222222 0.19305555555555556
0 0.40879629629629627 0.21666666666666667 0.03425925925925926 0.08611111111111111
0 0.5435185185185185 0.21319444444444444 0.03148148148148148 0.06805555555555555
0 0.5342592592592592 0.1840277777777778 0.02962962962962963 0.07083333333333333
0 0.15787037037037038 0.8868055555555555 0.08425925925925926 0.2263888888888889