0 0.1125 0.9013888888888889 0.14722222222222223 0.19722222222222222
0 0.5398148148148149 0.1840277777777778 0.03518518518518519 0.06805555555555555
0 0.5638888888888889 0.25555555555555554 0.03518518518518519 0.08611111111111111
0 0.5361111111111111 0.5784722222222223 0.05925925925925926 0.4041666666666667
0 0.4791666666666667 0.3 0.049074074074074076 0.2
0 0.4041666666666667 0.1388888888888889 0.030555555555555555 0.06944444444444445
0 0.037037037037037035 0.6256944444444444 0.06296296296296296 0.10972222222222222
0 0.24074074074074073 0.20902777777777778 0.025925925925925925 0.12361111111111112
0 0.5199074074074074 0.13472222222222222 0.025 0.05277777777777778
0 0.19953703703703704 0.34444444444444444 0.04351851851851852 0.13055555555555556
0 0.40879629629629627 0.21736111111111112 0.03425925925925926 0.0875
0 0.3508611111111111 0.177375 0.032407407407407406 0.1
0 0.7842592592592592 0.5666666666666667 0.05925925925925926 0.19166666666666668
0 0.4513888888888889 0.13680555555555557 0.025 0.05416666666666667
0 0.37546296296296294 0.29930555555555555 0.06018518518518518 0.13472222222222222
0 0.6759259259259259 0.4395833333333333 0.08703703703703704 0.1736111111111111
0 0.1763888888888889 0.25555555555555554 0.03796296296296296 0.10555555555555556
0 0.5333333333333333 0.21666666666666667 0.03333333333333333 0.06388888888888888