0 0.5208333333333334 0.1326388888888889 0.025 0.04861111111111111
0 0.5745370370370371 0.25972222222222224 0.05648148148148148 0.09166666666666666
0 0.4546296296296296 0.17430555555555555 0.03333333333333333 0.11527777777777778
0 0.07592592592592592 0.35138888888888886 0.037037037037037035 0.14722222222222223
0 0.034722222222222224 0.625 0.06944444444444445 0.10555555555555556
0 0.24027777777777778 0.21041666666666667 0.028703703703703703 0.12361111111111112
0 0.34827777777777774 0.1702361111111111 0.03333333333333333 0.08888888888888889
0 0.17685185185185184 0.25763888888888886 0.037037037037037035 0.10138888888888889
0 0.19953703703703704 0.3486111111111111 0.04537037037037037 0.12222222222222222
0 0.525 0.18194444444444444 0.03148148148148148 0.07222222222222222
0 0.48009259259259257 0.30277777777777776 0.04722222222222222 0.19722222222222222
0 0.40370370370370373 0.1375 0.02962962962962963 0.06944444444444445
0 0.4074074074074074 0.21666666666666667 0.037037037037037035 0.08888888888888889
0 0.3819444444444444 0.29375 0.04722222222222222 0.13194444444444445
0 0.5449074074074074 0.2125 0.032407407407407406 0.06944444444444445
0 0.15092592592592594 0.8659722222222223 0.09814814814814815 0.26805555555555555