0 0.005092592592592593 0.6423611111111112 0.010185185185185186 0.04027777777777778
0 0.5199074074074074 0.13472222222222222 0.025 0.05
0 0.674074074074074 0.4263888888888889 0.11666666666666667 0.19722222222222222
0 0.2902777777777778 0.3236111111111111 0.049074074074074076 0.13055555555555556
0 0.03888888888888889 0.6284722222222222 0.06296296296296296 0.10416666666666667
0 0.17592592592592593 0.2590277777777778 0.037037037037037035 0.10694444444444444
0 0.3490740740740741 0.17569444444444443 0.03333333333333333 0.09861111111111111
0 0.040740740740740744 0.36527777777777776 0.03148148148148148 0.07222222222222222
0 0.19814814814814816 0.33819444444444446 0.04259259259259259 0.11527777777777778
0 0.2412037037037037 0.2111111111111111 0.030555555555555555 0.12222222222222222
0 0.07857407407407407 0.3706388888888889 0.046296296296296294 0.16944444444444445
0 0.5555555555555556 0.19722222222222222 0.05185185185185185 0.1
0 0.48055555555555557 0.30277777777777776 0.04814814814814815 0.19166666666666668
0 0.4041666666666667 0.13819444444444445 0.030555555555555555 0.07361111111111111
0 0.4064814814814815 0.21736111111111112 0.040740740740740744 0.0875
0 0.38564814814814813 0.29444444444444445 0.041666666666666664 0.1361111111111111
0 0.5356481481481481 0.5597222222222222 0.0824074074074074 0.43333333333333335
0 0.23194444444444445 0.8756944444444444 0.09166666666666666 0.13472222222222222
0 0.5828703703703704 0.28402777777777777 0.06574074074074074 0.17083333333333334
0 0.4546296296296296 0.17708333333333334 0.037037037037037035 0.1375