0 0.3902777777777778 0.2951388888888889 0.049074074074074076 0.14305555555555555
0 0.6875 0.43472222222222223 0.06944444444444445 0.175
0 0.17685185185185184 0.25555555555555554 0.037037037037037035 0.11388888888888889
0 0.03796296296296296 0.6229166666666667 0.05925925925925926 0.10416666666666667
0 0.350462962962963 0.1736111111111111 0.032407407407407406 0.09166666666666666
0 0.5194444444444445 0.1326388888888889 0.025925925925925925 0.05138888888888889
0 0.04212962962962963 0.3625 0.030555555555555555 0.08055555555555556
0 0.20694444444444443 0.3458333333333333 0.058333333333333334 0.125
0 0.5763888888888888 0.25972222222222224 0.06018518518518518 0.09166666666666666
0 0.2412037037037037 0.21180555555555555 0.028703703703703703 0.12361111111111112
0 0.07996296296296296 0.3594305555555556 0.04351851851851852 0.1763888888888889
0 0.044444444444444446 0.9194444444444444 0.06481481481481481 0.16111111111111112
0 0.48055555555555557 0.30069444444444443 0.04814814814814815 0.1986111111111111
0 0.40324074074074073 0.13958333333333334 0.030555555555555555 0.06805555555555555
0 0.9902777777777778 0.22708333333333333 0.012037037037037037 0.05694444444444444
0 0.4083333333333333 0.21666666666666667 0.037037037037037035 0.08611111111111111
0 0.5009259259259259 0.64375 0.0962962962962963 0.4375
0 0.4444444444444444 0.1375 0.022222222222222223 0.058333333333333334